0 0.428906 0.473633 0.017188 0.046875
0 0.960156 0.923828 0.03125 0.033203
0 0.380469 0.653809 0.020313 0.043945
0 0.896484 0.459473 0.016406 0.026367
0 0.551172 0.970215 0.014844 0.026367
0 0.685547 0.937988 0.016406 0.02832
0 0.007031 0.331543 0.014063 0.022461
0 0.037891 0.253906 0.014844 0.023438
0 0.934375 0.613281 0.021875 0.03125
0 0.832031 0.943359 0.023438 0.041016
0 0.833203 0.963867 0.017969 0.027344
0 0.685938 0.415039 0.020313 0.025391
0 0.353906 0.639648 0.0125 0.019531
0 0.833984 0.95459 0.019531 0.02832
