0 0.560156 0.476074 0.025 0.047852
0 0.508203 0.657227 0.025781 0.037109
0 0.542188 0.950684 0.017188 0.026367
0 0.957422 0.927246 0.017969 0.036133
0 0.893359 0.92041 0.019531 0.022461
0 0.941406 0.27832 0.017188 0.019531
0 0.016016 0.945801 0.013281 0.022461
0 0.171094 0.118164 0.015625 0.027344
0 0.207813 0.066406 0.0125 0.017578
0 0.476172 0.639648 0.014844 0.025391
0 0.823828 0.956055 0.022656 0.050781
0 0.822656 0.968262 0.021875 0.030273
0 0.823438 0.94043 0.020313 0.041016
0 0.960156 0.937012 0.015625 0.020508
